
NUMPOLLIES 500


// Central corridor

-2.0  1.0  -2.0 0.0 1.0
-2.0  0.0  -2.0 0.0 0.0
-0.5  0.0  -2.0 1.5 0.0
-2.0  1.0  -2.0 0.0 1.0
-0.5  1.0  -2.0 1.5 1.0
-0.5  0.0  -2.0 1.5 0.0

 2.0  1.0  -2.0 2.0 1.0
 2.0  0.0  -2.0 2.0 0.0
 0.5  0.0  -2.0 0.5 0.0
 2.0  1.0  -2.0 2.0 1.0
 0.5  1.0  -2.0 0.5 1.0
 0.5  0.0  -2.0 0.5 0.0

-2.0  1.0  2.0 2.0  1.0
-2.0  0.0   2.0 2.0 0.0
-0.5  0.0   2.0 0.5 0.0
-2.0  1.0  2.0 2.0  1.0
-0.5  1.0  2.0 0.5  1.0
-0.5  0.0   2.0 0.5 0.0

 2.0  1.0  2.0 2.0  1.0
 2.0  0.0   2.0 2.0 0.0
 0.5  0.0   2.0 0.5 0.0
 2.0  1.0  2.0 2.0  1.0
 0.5  1.0  2.0 0.5  1.0
 0.5  0.0   2.0 0.5 0.0

-2.0  1.0  -2.0 0.0  1.0
-2.0  0.0   -2.0 0.0 0.0
-2.0  0.0   -0.5 1.5 0.0
-2.0  1.0  -2.0 0.0  1.0
-2.0  1.0  -0.5 1.5  1.0
-2.0  0.0   -0.5 1.5 0.0

-2.0  1.0   2.0 2.0 1.0
-2.0  0.0   2.0 2.0 0.0
-2.0  0.0   0.5 0.5 0.0
-2.0  1.0  2.0 2.0 1.0
-2.0  1.0  0.5 0.5 1.0
-2.0  0.0   0.5 0.5 0.0


2.0  1.0  -2.0 0.0 1.0
2.0  0.0   -2.0 0.0 0.0
2.0  0.0   -0.5 1.5 0.0
2.0  1.0  -2.0 0.0 1.0
2.0  1.0  -0.5 1.5 1.0
2.0  0.0   -0.5 1.5 0.0

2.0  1.0  2.0 2.0 1.0
2.0  0.0   2.0 2.0 0.0
2.0  0.0   0.5 0.5 0.0
2.0  1.0  2.0 2.0 1.0
2.0  1.0  0.5 0.5 1.0
2.0  0.0   0.5 0.5 0.0

-0.5  1.0  -2.0 0.0 1.0
-0.5  0.0   -2.0 0.0 0.0
-0.5  0.0   -1.0 1.0 0.0
-0.5  1.0  -2.0 0.0 1.0
-0.5  1.0  -1.0 1.0 1.0
-0.5  0.0   -1.0 1.0 0.0

-0.5  1.0  -1.0 0.0 1.0
-0.5  0.0   -1.0 0.0 0.0
-0.5  0.0   0.0 1.0 0.0
-0.5  1.0  -1.0 0.0 1.0
-0.5  1.0  0.0 1.0 1.0
-0.5  0.0   0.0 1.0 0.0

-0.5  1.0  1.0 0.0 1.0
-0.5  0.0   1.0 0.0 0.0
-0.5  0.0   2.0 1.0 0.0
-0.5  1.0  1.0 0.0 1.0
-0.5  1.0  2.0 1.0 1.0
-0.5  0.0   2.0 1.0 0.0

// central hallway - L

-0.5  1.0  -3.0 0.0 1.0
-0.5  0.0   -3.0 0.0 0.0
-0.5  0.0   -2.0 1.0 0.0
-0.5  1.0  -3.0 0.0 1.0
-0.5  1.0  -2.0 1.0 1.0
-0.5  0.0   -2.0 1.0 0.0

-0.5  1.0  -4.0 0.0 1.0
-0.5  0.0   -4.0 0.0 0.0
-0.5  0.0   -3.0 1.0 0.0
-0.5  1.0  -4.0 0.0 1.0
-0.5  1.0  -3.0 1.0 1.0
-0.5  0.0   -3.0 1.0 0.0

2.0  1.0  -3.0 0.0 1.0
2.0  0.0  -3.0 0.0 0.0
2.0  0.0  -2.0 1.0 0.0
2.0  1.0  -3.0 0.0 1.0
2.0  1.0  -2.0 1.0 1.0
2.0  0.0  -2.0 1.0 0.0

1.5  1.0  -3.0 0.0 1.0
1.5  0.0  -3.0 0.0 0.0
1.5  0.0  -2.0 1.0 0.0
1.5  1.0  -3.0 0.0 1.0
1.5  1.0  -2.0 1.0 1.0
1.5  0.0  -2.0 1.0 0.0

2.0  1.0  -3.0 1.0 1.0
2.0  0.0  -3.0 1.0 0.0
1.5  0.0  -3.0 0.0 0.0
2.0  1.0  -3.0 1.0 1.0
1.5  1.0  -3.0 0.0 1.0
1.5  0.0  -3.0 0.0 0.0

//right turn of central hallway

0.5  1.0  -4.0 1.0 1.0
0.5  0.0   -4.0 1.0 0.0
-0.5  0.0   -4.0 0.0 0.0
0.5  1.0  -4.0 1.0 1.0
-0.5  1.0  -4.0 0.0 1.0
-0.5  0.0   -4.0 0.0 0.0

1.5  1.0  -4.0 1.0 1.0
1.5  0.0   -4.0 1.0 0.0
0.5  0.0   -4.0 0.0 0.0
1.5  1.0  -4.0 1.0 1.0
0.5  1.0  -4.0 0.0 1.0
0.5  0.0   -4.0 0.0 0.0

2.5  1.0  -4.0 1.0 1.0
2.5  0.0   -4.0 1.0 0.0
1.5  0.0   -4.0 0.0 0.0
2.5  1.0  -4.0 1.0 1.0
1.5  1.0  -4.0 0.0 1.0
1.5  0.0   -4.0 0.0 0.0

2.5  1.0  -5.0 1.0 1.0
2.5  0.0   -5.0 1.0 0.0
2.5  0.0   -4.0 0.0 0.0
2.5  1.0  -5.0 1.0 1.0
2.5  1.0  -4.0 0.0 1.0
2.5  0.0   -4.0 0.0 0.0

2.5  1.0  -6.0 1.0 1.0
2.5  0.0   -6.0 1.0 0.0
2.5  0.0   -5.0 0.0 0.0
2.5  1.0  -6.0 1.0 1.0
2.5  1.0  -5.0 0.0 1.0
2.5  0.0   -5.0 0.0 0.0

2.5  1.0  -7.0 1.0 1.0
2.5  0.0   -7.0 1.0 0.0
2.5  0.0   -6.0 0.0 0.0
2.5  1.0  -7.0 1.0 1.0
2.5  1.0  -6.0 0.0 1.0
2.5  0.0   -6.0 0.0 0.0

2.5  1.0  -8.0 1.0 1.0
2.5  0.0   -8.0 1.0 0.0
2.5  0.0   -7.0 0.0 0.0
2.5  1.0  -8.0 1.0 1.0
2.5  1.0  -7.0 0.0 1.0
2.5  0.0   -7.0 0.0 0.0

2.5  1.0  -8.0 1.0 1.0
2.5  0.0   -8.0 1.0 0.0
1.5  0.0   -8.0 0.0 0.0
2.5  1.0  -8.0 1.0 1.0
1.5  1.0  -8.0 0.0 1.0
1.5  0.0   -8.0 0.0 0.0

1.5  1.0  -8.0 1.0 1.0
1.5  0.0   -8.0 1.0 0.0
0.5  0.0   -8.0 0.0 0.0
1.5  1.0  -8.0 1.0 1.0
0.5  1.0  -8.0 0.0 1.0
0.5  0.0   -8.0 0.0 0.0

0.5  1.0  -8.0 1.0 1.0
0.5  0.0   -8.0 1.0 0.0
-0.5  0.0   -8.0 0.0 0.0
0.5  1.0  -8.0 1.0 1.0
-0.5  1.0  -8.0 0.0 1.0
-0.5  0.0   -8.0 0.0 0.0

-0.5  1.0  -8.0 1.0 1.0
-0.5  0.0   -8.0 1.0 0.0
-1.5  0.0   -8.0 0.0 0.0
-0.5  1.0  -8.0 1.0 1.0
-1.5  1.0  -8.0 0.0 1.0
-1.5  0.0   -8.0 0.0 0.0

-1.5  1.0  -8.0 1.0 1.0
-1.5  0.0   -8.0 1.0 0.0
-2.5  0.0   -8.0 0.0 0.0
-1.5  1.0  -8.0 1.0 1.0
-2.5  1.0  -8.0 0.0 1.0
-2.5  0.0   -8.0 0.0 0.0

-2.5  1.0  -8.0 1.0 1.0
-2.5  0.0   -8.0 1.0 0.0
-3.5  0.0   -8.0 0.0 0.0
-2.5  1.0  -8.0 1.0 1.0
-3.5  1.0  -8.0 0.0 1.0
-3.5  0.0   -8.0 0.0 0.0

-3.5  1.0  -8.0 1.0 1.0
-3.5  0.0   -8.0 1.0 0.0
-4.5  0.0   -8.0 0.0 0.0
-3.5  1.0  -8.0 1.0 1.0
-4.5  1.0  -8.0 0.0 1.0
-4.5  0.0   -8.0 0.0 0.0

-4.5  1.0  -8.0 1.0 1.0
-4.5  0.0   -8.0 1.0 0.0
-5.5  0.0   -8.0 0.0 0.0
-4.5  1.0  -8.0 1.0 1.0
-5.5  1.0  -8.0 0.0 1.0
-5.5  0.0   -8.0 0.0 0.0

-5.5  1.0  -8.0 1.0 1.0
-5.5  0.0   -8.0 1.0 0.0
-6.5  0.0   -8.0 0.0 0.0
-5.5  1.0  -8.0 1.0 1.0
-6.5  1.0  -8.0 0.0 1.0
-6.5  0.0   -8.0 0.0 0.0

-6.5  1.0  -8.0 1.0 1.0
-6.5  0.0   -8.0 1.0 0.0
-7.5  0.0   -8.0 0.0 0.0
-6.5  1.0  -8.0 1.0 1.0
-7.5  1.0  -8.0 0.0 1.0
-7.5  0.0   -8.0 0.0 0.0

-7.5  1.0  -8.0 1.0 1.0
-7.5  0.0   -8.0 1.0 0.0
-8.5  0.0   -8.0 0.0 0.0
-7.5  1.0  -8.0 1.0 1.0
-8.5  1.0  -8.0 0.0 1.0
-8.5  0.0   -8.0 0.0 0.0

-8.5  1.0  -8.0 1.0 1.0
-8.5  0.0   -8.0 1.0 0.0
-8.5  0.0   -7.0 0.0 0.0
-8.5  1.0  -8.0 1.0 1.0
-8.5  1.0  -7.0 0.0 1.0
-8.5  0.0   -7.0 0.0 0.0

-8.5  1.0  -7.0 1.0 1.0
-8.5  0.0   -7.0 1.0 0.0
-8.5  0.0   -6.0 0.0 0.0
-8.5  1.0  -7.0 1.0 1.0
-8.5  1.0  -6.0 0.0 1.0
-8.5  0.0   -6.0 0.0 0.0

-8.5  1.0  -6.0 1.0 1.0
-8.5  0.0   -6.0 1.0 0.0
-8.5  0.0   -5.0 0.0 0.0
-8.5  1.0  -6.0 1.0 1.0
-8.5  1.0  -5.0 0.0 1.0
-8.5  0.0   -5.0 0.0 0.0

-8.5  1.0  -5.0 1.0 1.0
-8.5  0.0   -5.0 1.0 0.0
-8.5  0.0   -4.0 0.0 0.0
-8.5  1.0  -5.0 1.0 1.0
-8.5  1.0  -4.0 0.0 1.0
-8.5  0.0   -4.0 0.0 0.0

-8.5  1.0  -4.0 1.0 1.0
-8.5  0.0   -4.0 1.0 0.0
-8.5  0.0   -3.0 0.0 0.0
-8.5  1.0  -4.0 1.0 1.0
-8.5  1.0  -3.0 0.0 1.0
-8.5  0.0   -3.0 0.0 0.0

-8.5  1.0  -3.0 1.0 1.0
-8.5  0.0   -3.0 1.0 0.0
-8.5  0.0   -2.0 0.0 0.0
-8.5  1.0  -3.0 1.0 1.0
-8.5  1.0  -2.0 0.0 1.0
-8.5  0.0   -2.0 0.0 0.0

-8.5  1.0  -2.0 1.0 1.0
-8.5  0.0   -2.0 1.0 0.0
-8.5  0.0   -1.0 0.0 0.0
-8.5  1.0  -2.0 1.0 1.0
-8.5  1.0  -1.0 0.0 1.0
-8.5  0.0   -1.0 0.0 0.0

3.5  1.0  -8.0 1.0 1.0
3.5  0.0   -8.0 1.0 0.0
2.5  0.0   -8.0 0.0 0.0
3.5  1.0  -8.0 1.0 1.0
2.5  1.0  -8.0 0.0 1.0
2.5  0.0   -8.0 0.0 0.0

4.5  1.0  -8.0 1.0 1.0
4.5  0.0   -8.0 1.0 0.0
3.5  0.0   -8.0 0.0 0.0
4.5  1.0  -8.0 1.0 1.0
3.5  1.0  -8.0 0.0 1.0
3.5  0.0   -8.0 0.0 0.0

5.5  1.0  -8.0 1.0 1.0
5.5  0.0   -8.0 1.0 0.0
4.5  0.0   -8.0 0.0 0.0
5.5  1.0  -8.0 1.0 1.0
4.5  1.0  -8.0 0.0 1.0
4.5  0.0   -8.0 0.0 0.0

6.5  1.0  -8.0 1.0 1.0
6.5  0.0   -8.0 1.0 0.0
5.5  0.0   -8.0 0.0 0.0
6.5  1.0  -8.0 1.0 1.0
5.5  1.0  -8.0 0.0 1.0
5.5  0.0   -8.0 0.0 0.0

7.5  1.0  -8.0 1.0 1.0
7.5  0.0   -8.0 1.0 0.0
6.5  0.0   -8.0 0.0 0.0
7.5  1.0  -8.0 1.0 1.0
6.5  1.0  -8.0 0.0 1.0
6.5  0.0   -8.0 0.0 0.0

8.5  1.0  -8.0 1.0 1.0
8.5  0.0   -8.0 1.0 0.0
7.5  0.0   -8.0 0.0 0.0
8.5  1.0  -8.0 1.0 1.0
7.5  1.0  -8.0 0.0 1.0
7.5  0.0   -8.0 0.0 0.0

8.5  1.0  -8.0 1.0 1.0
8.5  0.0   -8.0 1.0 0.0
8.5  0.0   -7.0 0.0 0.0
8.5  1.0  -8.0 1.0 1.0
8.5  1.0  -7.0 0.0 1.0
8.5  0.0   -7.0 0.0 0.0

8.5  1.0  -7.0 1.0 1.0
8.5  0.0   -7.0 1.0 0.0
8.5  0.0   -6.0 0.0 0.0
8.5  1.0  -7.0 1.0 1.0
8.5  1.0  -6.0 0.0 1.0
8.5  0.0   -6.0 0.0 0.0

8.5  1.0  -6.0 1.0 1.0
8.5  0.0   -6.0 1.0 0.0
8.5  0.0   -5.0 0.0 0.0
8.5  1.0  -6.0 1.0 1.0
8.5  1.0  -5.0 0.0 1.0
8.5  0.0   -5.0 0.0 0.0

8.5  1.0  -6.0 1.0 1.0
8.5  0.0  -6.0 1.0 0.0
8.5  0.0  -5.0 0.0 0.0
8.5  1.0  -6.0 1.0 1.0
8.5  1.0  -5.0 0.0 1.0
8.5  0.0  -5.0 0.0 0.0

4.5  1.0  -5.0 1.0 1.0
4.5  0.0  -5.0 1.0 0.0
4.5  0.0  -4.0 0.0 0.0
4.5  1.0  -5.0 1.0 1.0
4.5  1.0  -4.0 0.0 1.0
4.5  0.0  -4.0 0.0 0.0

4.5  1.0  -6.0 1.0 1.0
4.5  0.0  -6.0 1.0 0.0
4.5  0.0  -5.0 0.0 0.0
4.5  1.0  -6.0 1.0 1.0
4.5  1.0  -5.0 0.0 1.0
4.5  0.0  -5.0 0.0 0.0

4.5  1.0  -7.0 1.0 1.0
4.5  0.0  -7.0 1.0 0.0
4.5  0.0  -6.0 0.0 0.0
4.5  1.0  -7.0 1.0 1.0
4.5  1.0  -6.0 0.0 1.0
4.5  0.0  -6.0 0.0 0.0

4.5  1.0  -7.0 1.0 1.0
4.5  0.0  -7.0 1.0 0.0
5.5  0.0  -7.0 0.0 0.0
4.5  1.0  -7.0 1.0 1.0
5.5  1.0  -7.0 0.0 1.0
5.5  0.0  -7.0 0.0 0.0

5.5  1.0  -7.0 1.0 1.0
5.5  0.0  -7.0 1.0 0.0
6.5  0.0  -7.0 0.0 0.0
5.5  1.0  -7.0 1.0 1.0
6.5  1.0  -7.0 0.0 1.0
6.5  0.0  -7.0 0.0 0.0

// Central hallway - R
0.5  1.0  -3.0 0.0 1.0
0.5  0.0  -3.0 0.0 0.0
0.5  0.0  -2.0 1.0 0.0
0.5  1.0  -3.0 0.0 1.0
0.5  1.0  -2.0 1.0 1.0
0.5  0.0  -2.0 1.0 0.0

0.5  1.0  -2.0 0.0 1.0
0.5  0.0  -2.0 0.0 0.0
0.5  0.0  -1.0 1.0 0.0
0.5  1.0  -2.0 0.0 1.0
0.5  1.0  -1.0 1.0 1.0
0.5  0.0  -1.0 1.0 0.0

0.5  1.0  -1.0 0.0 1.0
0.5  0.0  -1.0 0.0 0.0
0.5  0.0   0.0 1.0 0.0
0.5  1.0  -1.0 0.0 1.0
0.5  1.0   0.0 1.0 1.0
0.5  0.0   0.0 1.0 0.0

0.5  1.0  0.0 0.0 1.0
0.5  0.0   0.0 0.0 0.0
0.5  0.0   1.0 1.0 0.0
0.5  1.0  0.0 0.0 1.0
0.5  1.0  1.0 1.0 1.0
0.5  0.0   1.0 1.0 0.0

0.75  1.0  -2.0 0.0 1.0
0.75  0.0   -2.0 0.0 0.0
0.75  0.0   -1.0 1.0 0.0
0.75  1.0  -2.0 0.0 1.0
0.75  1.0  -1.0 1.0 1.0
0.75  0.0   -1.0 1.0 0.0

0.75  1.0  -1.0 0.0 1.0
0.75  0.0   -1.0 0.0 0.0
0.75  0.0   0.0 1.0 0.0
0.75  1.0  -1.0 0.0 1.0
0.75  1.0  0.0 1.0 1.0
0.75  0.0   0.0 1.0 0.0

0.75  1.0  0.0 0.0 1.0
0.75  0.0   0.0 0.0 0.0
0.75  0.0   1.0 1.0 0.0
0.75  1.0  0.0 0.0 1.0
0.75  1.0  1.0 1.0 1.0
0.75  0.0   1.0 1.0 0.0

0.5  1.0  1.0 0.0 1.0
0.5  0.0   1.0 0.0 0.0
0.75  0.0 1.0 1.0 0.0
0.5  1.0  1.0 0.0 1.0
0.75  1.0  1.0 1.0 1.0
0.75  0.0   1.0 1.0 0.0

0.5  1.0  -3.0 0.0 1.0
0.5  0.0   -3.0 0.0 0.0
1.5  0.0 -3.0 1.0 0.0
0.5  1.0  -3.0 0.0 1.0
1.5  1.0  -3.0 1.0 1.0
1.5  0.0   -3.0 1.0 0.0

// Back hallway - L
-0.5  1.0  3.0 0.0 1.0
-0.5  0.0   3.0 0.0 0.0
-0.5  0.0   2.0 1.0 0.0
-0.5  1.0  3.0 0.0 1.0
-0.5  1.0  2.0 1.0 1.0
-0.5  0.0   2.0 1.0 0.0

-0.5  1.0  4.0 0.0 1.0
-0.5  0.0   4.0 0.0 0.0
-0.5  0.0   3.0 1.0 0.0
-0.5  1.0  4.0 0.0 1.0
-0.5  1.0  3.0 1.0 1.0
-0.5  0.0   3.0 1.0 0.0

-0.5  1.0  5.0 0.0 1.0
-0.5  0.0   5.0 0.0 0.0
-0.5  0.0   4.0 1.0 0.0
-0.5  1.0  5.0 0.0 1.0
-0.5  1.0  4.0 1.0 1.0
-0.5  0.0   4.0 1.0 0.0

-0.5  1.0  6.0 0.0 1.0
-0.5  0.0  6.0 0.0 0.0
-0.5  0.0  5.0 1.0 0.0
-0.5  1.0  6.0 0.0 1.0
-0.5  1.0  5.0 1.0 1.0
-0.5  0.0  5.0 1.0 0.0

-0.5  1.0  7.0 0.0 1.0
-0.5  0.0  7.0 0.0 0.0
-0.5  0.0  6.0 1.0 0.0
-0.5  1.0  7.0 0.0 1.0
-0.5  1.0  6.0 1.0 1.0
-0.5  0.0  6.0 1.0 0.0

-0.5  1.0  9.0 0.0 1.0
-0.5  0.0   9.0 0.0 0.0
-0.5  0.0   8.0 1.0 0.0
-0.5  1.0  9.0 0.0 1.0
-0.5  1.0  8.0 1.0 1.0
-0.5  0.0   8.0 1.0 0.0

-0.5  1.0  10.0 0.0 1.0
-0.5  0.0   10.0 0.0 0.0
-0.5  0.0   9.0 1.0 0.0
-0.5  1.0  10.0 0.0 1.0
-0.5  1.0  9.0 1.0 1.0
-0.5  0.0   9.0 1.0 0.0


// back hallway - R
0.5  1.0  3.0 0.0 1.0
0.5  0.0   3.0 0.0 0.0
0.5  0.0   2.0 1.0 0.0
0.5  1.0  3.0 0.0 1.0
0.5  1.0  2.0 1.0 1.0
0.5  0.0   2.0 1.0 0.0

0.5  1.0  4.0 0.0 1.0
0.5  0.0   4.0 0.0 0.0
0.5  0.0   3.0 1.0 0.0
0.5  1.0  4.0 0.0 1.0
0.5  1.0  3.0 1.0 1.0
0.5  0.0   3.0 1.0 0.0

0.5  1.0  5.0 0.0 1.0
0.5  0.0   5.0 0.0 0.0
0.5  0.0   4.0 1.0 0.0
0.5  1.0  5.0 0.0 1.0
0.5  1.0  4.0 1.0 1.0
0.5  0.0   4.0 1.0 0.0

0.5  1.0  6.0 0.0 1.0
0.5  0.0   6.0 0.0 0.0
0.5  0.0   5.0 1.0 0.0
0.5  1.0  6.0 0.0 1.0
0.5  1.0  5.0 1.0 1.0
0.5  0.0   5.0 1.0 0.0

0.5  1.0  7.0 0.0 1.0
0.5  0.0   7.0 0.0 0.0
0.5  0.0   6.0 1.0 0.0
0.5  1.0  7.0 0.0 1.0
0.5  1.0  6.0 1.0 1.0
0.5  0.0   6.0 1.0 0.0

0.5  1.0  9.0 0.0 1.0
0.5  0.0   9.0 0.0 0.0
0.5  0.0   8.0 1.0 0.0
0.5  1.0  9.0 0.0 1.0
0.5  1.0  8.0 1.0 1.0
0.5  0.0   8.0 1.0 0.0

0.5  1.0  8.0 0.0 1.0
0.5  0.0   8.0 0.0 0.0
-0.5  0.0   8.0 1.0 0.0
0.5  1.0  8.0 0.0 1.0
-0.5  1.0  8.0 1.0 1.0
-0.5  0.0   8.0 1.0 0.0

-0.5  1.0  8.0 0.0 1.0
-0.5  0.0   8.0 0.0 0.0
-0.5  0.0   7.0 1.0 0.0
-0.5  1.0  8.0 0.0 1.0
-0.5  1.0  7.0 1.0 1.0
-0.5  0.0   7.0 1.0 0.0

0.5  1.0  10.0 0.0 1.0
0.5  0.0   10.0 0.0 0.0
0.5  0.0   9.0 1.0 0.0
0.5  1.0  10.0 0.0 1.0
0.5  1.0  9.0 1.0 1.0
0.5  0.0   9.0 1.0 0.0

//end back hallway
-0.5  1.0  10.0 1.0 1.0
-0.5  0.0  10.0 1.0 0.0
0.5  0.0  10.0 0.0 0.0
-0.5  1.0  10.0 1.0 1.0
0.5  1.0  10.0 0.0 1.0
0.5  0.0  10.0 0.0 0.0

//branch from back hallway-l
0.5  1.0  7.0 1.0 1.0
0.5  0.0  7.0 1.0 0.0
1.5  0.0  7.0 0.0 0.0
0.5  1.0  7.0 1.0 1.0
1.5  1.0  7.0 0.0 1.0
1.5  0.0  7.0 0.0 0.0

1.5  1.0  7.0 0.0 1.0
1.5  0.0  7.0 0.0 0.0
1.5  0.0  6.0 1.0 0.0
1.5  1.0  7.0 0.0 1.0
1.5  1.0  6.0 1.0 1.0
1.5  0.0  6.0 1.0 0.0

1.5  1.0  6.0 0.0 1.0
1.5  0.0  6.0 0.0 0.0
1.5  0.0  5.0 1.0 0.0
1.5  1.0  6.0 0.0 1.0
1.5  1.0  5.0 1.0 1.0
1.5  0.0  5.0 1.0 0.0

1.5  1.0  5.0 0.0 1.0
1.5  0.0  5.0 0.0 0.0
1.5  0.0  4.0 1.0 0.0
1.5  1.0  5.0 0.0 1.0
1.5  1.0  4.0 1.0 1.0
1.5  0.0  4.0 1.0 0.0

1.5  1.0  4.0 0.0 1.0
1.5  0.0  4.0 0.0 0.0
1.5  0.0  3.0 1.0 0.0
1.5  1.0  4.0 0.0 1.0
1.5  1.0  3.0 1.0 1.0
1.5  0.0  3.0 1.0 0.0

0.5  1.0  3.0 1.0 1.0
0.5  0.0  3.0 1.0 0.0
1.5  0.0  3.0 0.0 0.0
0.5  1.0  3.0 1.0 1.0
1.5  1.0  3.0 0.0 1.0
1.5  0.0  3.0 0.0 0.0

0.5  1.0  3.0 1.0 1.0
0.5  0.0  3.0 1.0 0.0
1.5  0.0  3.0 0.0 0.0
0.5  1.0  3.0 1.0 1.0
1.5  1.0  3.0 0.0 1.0
1.5  0.0  3.0 0.0 0.0

2.5  1.0  3.0 1.0 1.0
2.5  0.0  3.0 1.0 0.0
3.5  0.0  3.0 0.0 0.0
2.5  1.0  3.0 1.0 1.0
3.5  1.0  3.0 0.0 1.0
3.5  0.0  3.0 0.0 0.0

3.5  1.0  3.0 1.0 1.0
3.5  0.0  3.0 1.0 0.0
4.5  0.0  3.0 0.0 0.0
3.5  1.0  3.0 1.0 1.0
4.5  1.0  3.0 0.0 1.0
4.5  0.0  3.0 0.0 0.0

5.5  1.0  3.0 0.0 1.0
5.5  0.0  3.0 0.0 0.0
5.5  0.0  2.0 1.0 0.0
5.5  1.0  3.0 0.0 1.0
5.5  1.0  2.0 1.0 1.0
5.5  0.0  2.0 1.0 0.0

5.5  1.0  2.0 0.0 1.0
5.5  0.0  2.0 0.0 0.0
5.5  0.0  1.0 1.0 0.0
5.5  1.0  2.0 0.0 1.0
5.5  1.0  1.0 1.0 1.0
5.5  0.0  1.0 1.0 0.0

5.5  1.0  1.0 0.0 1.0
5.5  0.0  1.0 0.0 0.0
5.5  0.0  0.0 1.0 0.0
5.5  1.0  1.0 0.0 1.0
5.5  1.0  0.0 1.0 1.0
5.5  0.0  0.0 1.0 0.0

//branch from back hallway-r

0.5  1.0  8.0 1.0 1.0
0.5  0.0  8.0 1.0 0.0
1.5  0.0  8.0 0.0 0.0
0.5  1.0  8.0 1.0 1.0
1.5  1.0  8.0 0.0 1.0
1.5  0.0  8.0 0.0 0.0

1.5  1.0  8.0 1.0 1.0
1.5  0.0  8.0 1.0 0.0
2.5  0.0  8.0 0.0 0.0
1.5  1.0  8.0 1.0 1.0
2.5  1.0  8.0 0.0 1.0
2.5  0.0  8.0 0.0 0.0

2.5  1.0  8.0 0.0 1.0
2.5  0.0  8.0 0.0 0.0
2.5  0.0  7.0 1.0 0.0
2.5  1.0  8.0 0.0 1.0
2.5  1.0  7.0 1.0 1.0
2.5  0.0  7.0 1.0 0.0

2.5  1.0  7.0 0.0 1.0
2.5  0.0  7.0 0.0 0.0
2.5  0.0  6.0 1.0 0.0
2.5  1.0  7.0 0.0 1.0
2.5  1.0  6.0 1.0 1.0
2.5  0.0  6.0 1.0 0.0

2.5  1.0  6.0 0.0 1.0
2.5  0.0  6.0 0.0 0.0
2.5  0.0  5.0 1.0 0.0
2.5  1.0  6.0 0.0 1.0
2.5  1.0  5.0 1.0 1.0
2.5  0.0  5.0 1.0 0.0

2.5  1.0  4.0 0.0 1.0
2.5  0.0  4.0 0.0 0.0
2.5  0.0  3.0 1.0 0.0
2.5  1.0  4.0 0.0 1.0
2.5  1.0  3.0 1.0 1.0
2.5  0.0  3.0 1.0 0.0

2.5  1.0  4.0 1.0 1.0
2.5  0.0  4.0 1.0 0.0
3.5  0.0  4.0 0.0 0.0
2.5  1.0  4.0 1.0 1.0
3.5  1.0  4.0 0.0 1.0
3.5  0.0  4.0 0.0 0.0

3.5  1.0  4.0 1.0 1.0
3.5  0.0  4.0 1.0 0.0
4.5  0.0  4.0 0.0 0.0
3.5  1.0  4.0 1.0 1.0
4.5  1.0  4.0 0.0 1.0
4.5  0.0  4.0 0.0 0.0

4.5  1.0  4.0 1.0 1.0
4.5  0.0  4.0 1.0 0.0
5.5  0.0  4.0 0.0 0.0
4.5  1.0  4.0 1.0 1.0
5.5  1.0  4.0 0.0 1.0
5.5  0.0  4.0 0.0 0.0

5.5  1.0  4.0 0.0 1.0
5.5  0.0  4.0 0.0 0.0
5.5  0.0  3.0 1.0 0.0
5.5  1.0  4.0 0.0 1.0
5.5  1.0  3.0 1.0 1.0
5.5  0.0  3.0 1.0 0.0

2.5  1.0  5.0 1.0 1.0
2.5  0.0  5.0 1.0 0.0
3.5  0.0  5.0 0.0 0.0
2.5  1.0  5.0 1.0 1.0
3.5  1.0  5.0 0.0 1.0
3.5  0.0  5.0 0.0 0.0

3.5  1.0  5.0 1.0 1.0
3.5  0.0  5.0 1.0 0.0
4.5  0.0  5.0 0.0 0.0
3.5  1.0  5.0 1.0 1.0
4.5  1.0  5.0 0.0 1.0
4.5  0.0  5.0 0.0 0.0

4.5  1.0  5.0 1.0 1.0
4.5  0.0  5.0 1.0 0.0
5.5  0.0  5.0 0.0 0.0
4.5  1.0  5.0 1.0 1.0
5.5  1.0  5.0 0.0 1.0
5.5  0.0  5.0 0.0 0.0

5.5  1.0  5.0 1.0 1.0
5.5  0.0  5.0 1.0 0.0
6.5  0.0  5.0 0.0 0.0
5.5  1.0  5.0 1.0 1.0
6.5  1.0  5.0 0.0 1.0
6.5  0.0  5.0 0.0 0.0

6.5  1.0  5.0 1.0 1.0
6.5  0.0  5.0 1.0 0.0
7.5  0.0  5.0 0.0 0.0
6.5  1.0  5.0 1.0 1.0
7.5  1.0  5.0 0.0 1.0
7.5  0.0  5.0 0.0 0.0

7.5  1.0  5.0 1.0 1.0
7.5  0.0  5.0 1.0 0.0
8.5  0.0  5.0 0.0 0.0
7.5  1.0  5.0 1.0 1.0
8.5  1.0  5.0 0.0 1.0
8.5  0.0  5.0 0.0 0.0

// +X +Z quadrant walls

6.5  1.0  1.0 1.0 1.0
6.5  0.0  1.0 1.0 0.0
7.5  0.0  1.0 0.0 0.0
6.5  1.0  1.0 1.0 1.0
7.5  1.0  1.0 0.0 1.0
7.5  0.0  1.0 0.0 0.0

6.5  1.0  1.0 1.0 1.0
6.5  0.0  1.0 1.0 0.0
6.5  0.0  0.0 0.0 0.0
6.5  1.0  1.0 1.0 1.0
6.5  1.0  0.0 0.0 1.0
6.5  0.0  0.0 0.0 0.0

6.5  1.0  0.0 1.0 1.0
6.5  0.0  0.0 1.0 0.0
6.5  0.0  -1.0 0.0 0.0
6.5  1.0  0.0 1.0 1.0
6.5  1.0  -1.0 0.0 1.0
6.5  0.0  -1.0 0.0 0.0

6.5  1.0  -2.0 1.0 1.0
6.5  0.0  -2.0 1.0 0.0
7.5  0.0  -2.0 0.0 0.0
6.5  1.0  -2.0 1.0 1.0
7.5  1.0  -2.0 0.0 1.0
7.5  0.0  -2.0 0.0 0.0

5.5  1.0  -2.0 1.0 1.0
5.5  0.0  -2.0 1.0 0.0
6.5  0.0  -2.0 0.0 0.0
5.5  1.0  -2.0 1.0 1.0
6.5  1.0  -2.0 0.0 1.0
6.5  0.0  -2.0 0.0 0.0

4.5  1.0  -2.0 1.0 1.0
4.5  0.0  -2.0 1.0 0.0
5.5  0.0  -2.0 0.0 0.0
4.5  1.0  -2.0 1.0 1.0
5.5  1.0  -2.0 0.0 1.0
5.5  0.0  -2.0 0.0 0.0

4.0  1.0  -2.0 1.0 1.0
4.0  0.0  -2.0 1.0 0.0
4.5  0.0  -2.0 0.0 0.0
4.0  1.0  -2.0 1.0 1.0
4.5  1.0  -2.0 0.0 1.0
4.5  0.0  -2.0 0.0 0.0

//+X Outer wall

8.5  1.0  5.0 0.0 1.0
8.5  0.0  5.0 0.0 0.0
8.5  0.0  4.0 1.0 0.0
8.5  1.0  5.0 0.0 1.0
8.5  1.0  4.0 1.0 1.0
8.5  0.0  4.0 1.0 0.0

8.5  1.0  4.0 0.0 1.0
8.5  0.0  4.0 0.0 0.0
8.5  0.0  3.0 1.0 0.0
8.5  1.0  4.0 0.0 1.0
8.5  1.0  3.0 1.0 1.0
8.5  0.0  3.0 1.0 0.0

8.5  1.0  3.0 0.0 1.0
8.5  0.0  3.0 0.0 0.0
8.5  0.0  2.0 1.0 0.0
8.5  1.0  3.0 0.0 1.0
8.5  1.0  2.0 1.0 1.0
8.5  0.0  2.0 1.0 0.0

8.5  1.0  2.0 0.0 1.0
8.5  0.0  2.0 0.0 0.0
8.5  0.0  1.0 1.0 0.0
8.5  1.0  2.0 0.0 1.0
8.5  1.0  1.0 1.0 1.0
8.5  0.0  1.0 1.0 0.0

8.5  1.0  1.0 0.0 1.0
8.5  0.0  1.0 0.0 0.0
8.5  0.0  0.0 1.0 0.0
8.5  1.0  1.0 0.0 1.0
8.5  1.0  0.0 1.0 1.0
8.5  0.0  0.0 1.0 0.0

8.5  1.0  0.0 0.0 1.0
8.5  0.0  0.0 0.0 0.0
8.5  0.0  -1.0 1.0 0.0
8.5  1.0  0.0 0.0 1.0
8.5  1.0  -1.0 1.0 1.0
8.5  0.0  -1.0 1.0 0.0

8.5  1.0  -1.0 0.0 1.0
8.5  0.0  -1.0 0.0 0.0
8.5  0.0  -2.0 1.0 0.0
8.5  1.0  -1.0 0.0 1.0
8.5  1.0  -2.0 1.0 1.0
8.5  0.0  -2.0 1.0 0.0

8.5  1.0  -2.0 0.0 1.0
8.5  0.0  -2.0 0.0 0.0
8.5  0.0  -3.0 1.0 0.0
8.5  1.0  -2.0 0.0 1.0
8.5  1.0  -3.0 1.0 1.0
8.5  0.0  -3.0 1.0 0.0

8.5  1.0  -3.0 0.0 1.0
8.5  0.0  -3.0 0.0 0.0
8.5  0.0  -4.0 1.0 0.0
8.5  1.0  -3.0 0.0 1.0
8.5  1.0  -4.0 1.0 1.0
8.5  0.0  -4.0 1.0 0.0

8.5  1.0  -4.0 0.0 1.0
8.5  0.0  -4.0 0.0 0.0
8.5  0.0  -5.0 1.0 0.0
8.5  1.0  -4.0 0.0 1.0
8.5  1.0  -5.0 1.0 1.0
8.5  0.0  -5.0 1.0 0.0

7.5  1.0  -5.0 1.0 1.0
7.5  0.0  -5.0 1.0 0.0
8.5  0.0  -5.0 0.0 0.0
7.5  1.0  -5.0 1.0 1.0
8.5  1.0  -5.0 0.0 1.0
8.5  0.0  -5.0 0.0 0.0

6.5  1.0  -5.0 1.0 1.0
6.5  0.0  -5.0 1.0 0.0
7.5  0.0  -5.0 0.0 0.0
6.5  1.0  -5.0 1.0 1.0
7.5  1.0  -5.0 0.0 1.0
7.5  0.0  -5.0 0.0 0.0

5.5  1.0  -5.0 1.0 1.0
5.5  0.0  -5.0 1.0 0.0
6.5  0.0  -5.0 0.0 0.0
5.5  1.0  -5.0 1.0 1.0
6.5  1.0  -5.0 0.0 1.0
6.5  0.0  -5.0 0.0 0.0

4.5  1.0  -5.0 1.0 1.0
4.5  0.0  -5.0 1.0 0.0
5.5  0.0  -5.0 0.0 0.0
4.5  1.0  -5.0 1.0 1.0
5.5  1.0  -5.0 0.0 1.0
5.5  0.0  -5.0 0.0 0.0


// Left hallway 
-3.0  1.0  0.5 1.0 1.0
-3.0  0.0   0.5 1.0 0.0
-2.0  0.0   0.5 0.0 0.0
-3.0  1.0  0.5 1.0 1.0
-2.0  1.0  0.5 0.0 1.0
-2.0  0.0   0.5 0.0 0.0

-4.0  1.0  0.5 1.0 1.0
-4.0  0.0   0.5 1.0 0.0
-3.0  0.0   0.5 0.0 0.0
-4.0  1.0  0.5 1.0 1.0
-3.0  1.0  0.5 0.0 1.0
-3.0  0.0   0.5 0.0 0.0

-5.0  1.0  0.5 1.0 1.0
-5.0  0.0   0.5 1.0 0.0
-4.0  0.0   0.5 0.0 0.0
-5.0  1.0  0.5 1.0 1.0
-4.0  1.0  0.5 0.0 1.0
-4.0  0.0   0.5 0.0 0.0

-6.0  1.0  0.5 1.0 1.0
-6.0  0.0   0.5 1.0 0.0
-5.0  0.0   0.5 0.0 0.0
-6.0  1.0  0.5 1.0 1.0
-5.0  1.0  0.5 0.0 1.0
-5.0  0.0   0.5 0.0 0.0

-7.0  1.0  0.5 1.0 1.0
-7.0  0.0   0.5 1.0 0.0
-6.0  0.0   0.5 0.0 0.0
-7.0  1.0  0.5 1.0 1.0
-6.0  1.0  0.5 0.0 1.0
-6.0  0.0   0.5 0.0 0.0

-8.0  1.0  0.5 1.0 1.0
-8.0  0.0   0.5 1.0 0.0
-7.0  0.0   0.5 0.0 0.0
-8.0  1.0  0.5 1.0 1.0
-7.0  1.0  0.5 0.0 1.0
-7.0  0.0   0.5 0.0 0.0

-9.0  1.0  0.5 1.0 1.0
-9.0  0.0   0.5 1.0 0.0
-8.0  0.0   0.5 0.0 0.0
-9.0  1.0  0.5 1.0 1.0
-8.0  1.0  0.5 0.0 1.0
-8.0  0.0   0.5 0.0 0.0

-10.0  1.0  0.5 1.0 1.0
-10.0  0.0   0.5 1.0 0.0
-9.0  0.0   0.5 0.0 0.0
-10.0  1.0  0.5 1.0 1.0
-9.0  1.0  0.5 0.0 1.0
-9.0  0.0   0.5 0.0 0.0

// Right walls of left hallway
-3.0  1.0  -0.5 1.0 1.0
-3.0  0.0   -0.5 1.0 0.0
-2.0  0.0   -0.5 0.0 0.0
-3.0  1.0  -0.5 1.0 1.0
-2.0  1.0  -0.5 0.0 1.0
-2.0  0.0   -0.5 0.0 0.0

-4.0  1.0  -0.5 1.0 1.0
-4.0  0.0   -0.5 1.0 0.0
-3.0  0.0   -0.5 0.0 0.0
-4.0  1.0  -0.5 1.0 1.0
-3.0  1.0  -0.5 0.0 1.0
-3.0  0.0   -0.5 0.0 0.0

-5.0  1.0  -0.5 1.0 1.0
-5.0  0.0   -0.5 1.0 0.0
-4.0  0.0   -0.5 0.0 0.0
-5.0  1.0  -0.5 1.0 1.0
-4.0  1.0  -0.5 0.0 1.0
-4.0  0.0   -0.5 0.0 0.0

-6.0  1.0  -0.5 1.0 1.0
-6.0  0.0   -0.5 1.0 0.0
-5.0  0.0   -0.5 0.0 0.0
-6.0  1.0  -0.5 1.0 1.0
-5.0  1.0  -0.5 0.0 1.0
-5.0  0.0   -0.5 0.0 0.0

-7.0  1.0  -0.5 1.0 1.0
-7.0  0.0   -0.5 1.0 0.0
-6.0  0.0   -0.5 0.0 0.0
-7.0  1.0  -0.5 1.0 1.0
-6.0  1.0  -0.5 0.0 1.0
-6.0  0.0   -0.5 0.0 0.0

-8.0  1.0  -0.5 1.0 1.0
-8.0  0.0   -0.5 1.0 0.0
-7.0  0.0   -0.5 0.0 0.0
-8.0  1.0  -0.5 1.0 1.0
-7.0  1.0  -0.5 0.0 1.0
-7.0  0.0   -0.5 0.0 0.0

-9.0  1.0  -0.5 1.0 1.0
-9.0  0.0   -0.5 1.0 0.0
-8.0  0.0   -0.5 0.0 0.0
-9.0  1.0  -0.5 1.0 1.0
-8.0  1.0  -0.5 0.0 1.0
-8.0  0.0   -0.5 0.0 0.0

-10.0  1.0  -0.5 1.0 1.0
-10.0  0.0   -0.5 1.0 0.0
-9.0  0.0   -0.5 0.0 0.0
-10.0  1.0  -0.5 1.0 1.0
-9.0  1.0  -0.5 0.0 1.0
-9.0  0.0   -0.5 0.0 0.0

//end left hallway
-10  1.0  0.5 0.0 1.0
-10  0.0   0.5 0.0 0.0
-10  0.0   -0.5 1.0 0.0
-10  1.0  0.5 0.0 1.0
-10  1.0  -0.5 1.0 1.0
-10  0.0   -0.5 1.0 0.0

-10  1.0  1.5 0.0 1.0
-10  0.0   1.5 0.0 0.0
-10  0.0   0.5 1.0 0.0
-10  1.0  1.5 0.0 1.0
-10  1.0  0.5 1.0 1.0
-10  0.0   0.5 1.0 0.0

-10  1.0  2.5 0.0 1.0
-10  0.0   2.5 0.0 0.0
-10  0.0   1.5 1.0 0.0
-10  1.0  2.5 0.0 1.0
-10  1.0  1.5 1.0 1.0
-10  0.0   1.5 1.0 0.0

-10  1.0  3.5 0.0 1.0
-10  0.0   3.5 0.0 0.0
-10  0.0   2.5 1.0 0.0
-10  1.0  3.5 0.0 1.0
-10  1.0  2.5 1.0 1.0
-10  0.0   2.5 1.0 0.0

-10  1.0  4.5 0.0 1.0
-10  0.0   4.5 0.0 0.0
-10  0.0   3.5 1.0 0.0
-10  1.0  4.5 0.0 1.0
-10  1.0  3.5 1.0 1.0
-10  0.0   3.5 1.0 0.0

-10  1.0  5.5 0.0 1.0
-10  0.0   5.5 0.0 0.0
-10  0.0   4.5 1.0 0.0
-10  1.0  5.5 0.0 1.0
-10  1.0  4.5 1.0 1.0
-10  0.0   4.5 1.0 0.0

-10  1.0  6.5 0.0 1.0
-10  0.0   6.5 0.0 0.0
-10  0.0   5.5 1.0 0.0
-10  1.0  6.5 0.0 1.0
-10  1.0  5.5 1.0 1.0
-10  0.0   5.5 1.0 0.0

-10  1.0  7.5 0.0 1.0
-10  0.0   7.5 0.0 0.0
-10  0.0   6.5 1.0 0.0
-10  1.0  7.5 0.0 1.0
-10  1.0  6.5 1.0 1.0
-10  0.0   6.5 1.0 0.0

-10  1.0  8.5 0.0 1.0
-10  0.0   8.5 0.0 0.0
-10  0.0   7.5 1.0 0.0
-10  1.0  8.5 0.0 1.0
-10  1.0  7.5 1.0 1.0
-10  0.0   7.5 1.0 0.0

-10  1.0  9.5 0.0 1.0
-10  0.0   9.5 0.0 0.0
-10  0.0   8.5 1.0 0.0
-10  1.0  9.5 0.0 1.0
-10  1.0  8.5 1.0 1.0
-10  0.0   8.5 1.0 0.0

-10  1.0  9.5 0.0 1.0
-10  0.0   9.5 0.0 0.0
-9  0.0   9.5 1.0 0.0
-10  1.0  9.5 0.0 1.0
-9  1.0  9.5 1.0 1.0
-9  0.0   9.5 1.0 0.0

-9  1.0  9.5 0.0 1.0
-9  0.0   9.5 0.0 0.0
-8  0.0   9.5 1.0 0.0
-9  1.0  9.5 0.0 1.0
-8  1.0  9.5 1.0 1.0
-8  0.0   9.5 1.0 0.0

-8  1.0  9.5 0.0 1.0
-8  0.0   9.5 0.0 0.0
-7  0.0   9.5 1.0 0.0
-8  1.0  9.5 0.0 1.0
-7  1.0  9.5 1.0 1.0
-7  0.0   9.5 1.0 0.0

-7  1.0  9.5 0.0 1.0
-7  0.0   9.5 0.0 0.0
-6  0.0   9.5 1.0 0.0
-7  1.0  9.5 0.0 1.0
-6  1.0  9.5 1.0 1.0
-6  0.0   9.5 1.0 0.0

-6  1.0  9.5 0.0 1.0
-6  0.0   9.5 0.0 0.0
-5  0.0   9.5 1.0 0.0
-6  1.0  9.5 0.0 1.0
-5  1.0  9.5 1.0 1.0
-5  0.0   9.5 1.0 0.0

-5  1.0  9.5 0.0 1.0
-5  0.0   9.5 0.0 0.0
-4  0.0   9.5 1.0 0.0
-5  1.0  9.5 0.0 1.0
-4  1.0  9.5 1.0 1.0
-4  0.0   9.5 1.0 0.0

-4  1.0  9.5 0.0 1.0
-4  0.0   9.5 0.0 0.0
-3  0.0   9.5 1.0 0.0
-4  1.0  9.5 0.0 1.0
-3  1.0  9.5 1.0 1.0
-3  0.0   9.5 1.0 0.0

-3  1.0  9.5 0.0 1.0
-3  0.0   9.5 0.0 0.0
-2  0.0   9.5 1.0 0.0
-3  1.0  9.5 0.0 1.0
-2  1.0  9.5 1.0 1.0
-2  0.0   9.5 1.0 0.0

-2  1.0  9.5 0.0 1.0
-2  0.0   9.5 0.0 0.0
-1  0.0   9.5 1.0 0.0
-2  1.0  9.5 0.0 1.0
-1  1.0  9.5 1.0 1.0
-1  0.0   9.5 1.0 0.0

-1  1.0  9.5 0.0 1.0
-1  0.0   9.5 0.0 0.0
-0.5  0.0   9.5 1.0 0.0
-1  1.0  9.5 0.0 1.0
-0.5  1.0  9.5 1.0 1.0
-0.5  0.0   9.5 1.0 0.0


// Right hallway - Lw
3.0  1.0  0.5 1.0 1.0
3.0  0.0   0.5 1.0 0.0
2.0  0.0   0.5 0.0 0.0
3.0  1.0  0.5 1.0 1.0
2.0  1.0  0.5 0.0 1.0
2.0  0.0   0.5 0.0 0.0

4.0  1.0  0.5 1.0 1.0
4.0  0.0   0.5 1.0 0.0
3.0  0.0   0.5 0.0 0.0
4.0  1.0  0.5 1.0 1.0
3.0  1.0  0.5 0.0 1.0
3.0  0.0   0.5 0.0 0.0

4  1.0  0.5 0.0 1.0
4  0.0  0.5 0.0 0.0
4  0.0  -0.5 1.0 0.0
4  1.0  0.5 0.0 1.0
4  1.0  -0.5 1.0 1.0
4  0.0  -0.5 1.0 0.0

4  1.0  -0.5 0.0 1.0
4  0.0  -0.5 0.0 0.0
4  0.0  -1.5 1.0 0.0
4  1.0  -0.5 0.0 1.0
4  1.0  -1.5 1.0 1.0
4  0.0  -1.5 1.0 0.0

4  1.0  -1.5 0.0 1.0
4  0.0  -1.5 0.0 0.0
4  0.0  -2 1.0 0.0
4  1.0  -1.5 0.0 1.0
4  1.0  -2 1.0 1.0
4  0.0  -2 1.0 0.0

3  1.0  -0.5 0.0 1.0
3  0.0  -0.5 0.0 0.0
3  0.0  -1.5 1.0 0.0
3  1.0  -0.5 0.0 1.0
3  1.0  -1.5 1.0 1.0
3  0.0  -1.5 1.0 0.0

3  1.0  -1.5 0.0 1.0
3  0.0  -1.5 0.0 0.0
3  0.0  -2.5 1.0 0.0
3  1.0  -1.5 0.0 1.0
3  1.0  -2.5 1.0 1.0
3  0.0  -2.5 1.0 0.0

3  1.0  -2.5 0.0 1.0
3  0.0  -2.5 0.0 0.0
3  0.0  -3.5 1.0 0.0
3  1.0  -2.5 0.0 1.0
3  1.0  -3.5 1.0 1.0
3  0.0  -3.5 1.0 0.0

// Right hallway - Hi
3.0  1.0  -0.5 1.0 1.0
3.0  0.0   -0.5 1.0 0.0
2.0  0.0   -0.5 0.0 0.0
3.0  1.0  -0.5 1.0 1.0
2.0  1.0 -0.5 0.0 1.0
2.0  0.0   -0.5 0.0 0.0
